/*--------------------------------*- C++ -*----------------------------------*\
  =========                 |
  \\      /  F ield         | OpenFOAM: The Open Source CFD Toolbox
   \\    /   O peration     | Website:  https://openfoam.org
    \\  /    A nd           | Version:  7
     \\/     M anipulation  |
\*---------------------------------------------------------------------------*/
FoamFile
{
    version     2.0;
    format      ascii;
    class       faceList;
    location    "constant/fluid/polyMesh";
    object      faces;
}
// * * * * * * * * * * * * * * * * * * * * * * * * * * * * * * * * * * * * * //


930
(
4(265 272 342 251)
4(52 265 251 50)
4(52 53 272 265)
4(53 63 342 272)
4(50 251 342 63)
4(266 273 343 252)
4(265 266 252 251)
4(265 272 273 266)
4(272 342 343 273)
4(251 252 343 342)
4(267 274 344 253)
4(266 267 253 252)
4(266 273 274 267)
4(273 343 344 274)
4(252 253 344 343)
4(268 275 345 254)
4(267 268 254 253)
4(267 274 275 268)
4(274 344 345 275)
4(253 254 345 344)
4(269 276 346 255)
4(268 269 255 254)
4(268 275 276 269)
4(275 345 346 276)
4(254 255 346 345)
4(270 277 347 256)
4(269 270 256 255)
4(269 276 277 270)
4(276 346 347 277)
4(255 256 347 346)
4(271 278 348 257)
4(270 271 257 256)
4(270 277 278 271)
4(277 347 348 278)
4(256 257 348 347)
4(271 210 208 257)
4(271 278 211 210)
4(278 348 221 211)
4(257 208 221 348)
4(79 335 21 72)
4(3 62 335 79)
4(62 0 21 335)
4(80 336 22 73)
4(79 335 336 80)
4(335 21 22 336)
4(81 337 23 74)
4(80 336 337 81)
4(336 22 23 337)
4(82 338 24 75)
4(81 337 338 82)
4(337 23 24 338)
4(83 339 25 76)
4(82 338 339 83)
4(338 24 25 339)
4(84 340 26 77)
4(83 339 340 84)
4(339 25 26 340)
4(85 341 27 78)
4(84 340 341 85)
4(340 26 27 341)
4(85 341 220 29)
4(341 27 1 220)
4(258 265 251 349)
4(64 349 251 50)
4(51 258 349 64)
4(51 52 265 258)
4(259 266 252 350)
4(349 350 252 251)
4(258 259 350 349)
4(258 265 266 259)
4(260 267 253 351)
4(350 351 253 252)
4(259 260 351 350)
4(259 266 267 260)
4(261 268 254 352)
4(351 352 254 253)
4(260 261 352 351)
4(260 267 268 261)
4(262 269 255 353)
4(352 353 255 254)
4(261 262 353 352)
4(261 268 269 262)
4(263 270 256 354)
4(353 354 256 255)
4(262 263 354 353)
4(262 269 270 263)
4(264 271 257 355)
4(354 355 257 256)
4(263 264 355 354)
4(263 270 271 264)
4(355 222 208 257)
4(264 209 222 355)
4(264 271 210 209)
4(279 300 237 370)
4(57 48 237 300)
4(67 370 237 48)
4(54 279 370 67)
4(54 57 300 279)
4(280 301 238 371)
4(300 237 238 301)
4(370 371 238 237)
4(279 280 371 370)
4(279 300 301 280)
4(281 302 239 372)
4(301 238 239 302)
4(371 372 239 238)
4(280 281 372 371)
4(280 301 302 281)
4(282 303 240 373)
4(302 239 240 303)
4(372 373 240 239)
4(281 282 373 372)
4(281 302 303 282)
4(283 304 241 374)
4(303 240 241 304)
4(373 374 241 240)
4(282 283 374 373)
4(282 303 304 283)
4(284 305 242 375)
4(304 241 242 305)
4(374 375 242 241)
4(283 284 375 374)
4(283 304 305 284)
4(285 306 243 376)
4(305 242 243 306)
4(375 376 243 242)
4(284 285 376 375)
4(284 305 306 285)
4(306 243 206 215)
4(376 225 206 243)
4(285 212 225 376)
4(285 306 215 212)
4(86 272 335 79)
4(53 62 335 272)
4(4 53 272 86)
4(87 273 336 80)
4(272 335 336 273)
4(86 272 273 87)
4(88 274 337 81)
4(273 336 337 274)
4(87 273 274 88)
4(89 275 338 82)
4(274 337 338 275)
4(88 274 275 89)
4(90 276 339 83)
4(275 338 339 276)
4(89 275 276 90)
4(91 277 340 84)
4(276 339 340 277)
4(90 276 277 91)
4(92 278 341 85)
4(277 340 341 278)
4(91 277 278 92)
4(278 341 220 211)
4(92 278 211 30)
4(198 21 335 230)
4(47 230 335 62)
4(20 198 230 47)
4(199 22 336 231)
4(230 231 336 335)
4(198 199 231 230)
4(200 23 337 232)
4(231 232 337 336)
4(199 200 232 231)
4(201 24 338 233)
4(232 233 338 337)
4(200 201 233 232)
4(202 25 339 234)
4(233 234 339 338)
4(201 202 234 233)
4(203 26 340 235)
4(234 235 340 339)
4(202 203 235 234)
4(204 27 341 236)
4(235 236 341 340)
4(203 204 236 235)
4(236 205 220 341)
4(204 46 205 236)
4(328 307 265 293)
4(58 52 265 307)
4(61 58 307 328)
4(56 293 265 52)
4(61 328 293 56)
4(329 308 266 294)
4(307 265 266 308)
4(328 307 308 329)
4(293 294 266 265)
4(328 329 294 293)
4(330 309 267 295)
4(308 266 267 309)
4(329 308 309 330)
4(294 295 267 266)
4(329 330 295 294)
4(331 310 268 296)
4(309 267 268 310)
4(330 309 310 331)
4(295 296 268 267)
4(330 331 296 295)
4(332 311 269 297)
4(310 268 269 311)
4(331 310 311 332)
4(296 297 269 268)
4(331 332 297 296)
4(333 312 270 298)
4(311 269 270 312)
4(332 311 312 333)
4(297 298 270 269)
4(332 333 298 297)
4(334 313 271 299)
4(312 270 271 313)
4(333 312 313 334)
4(298 299 271 270)
4(333 334 299 298)
4(313 271 210 216)
4(334 313 216 219)
4(299 214 210 271)
4(334 219 214 299)
4(335 272 265 307)
4(62 335 307 58)
4(336 273 266 308)
4(335 336 308 307)
4(337 274 267 309)
4(336 337 309 308)
4(338 275 268 310)
4(337 338 310 309)
4(339 276 269 311)
4(338 339 311 310)
4(340 277 270 312)
4(339 340 312 311)
4(341 278 271 313)
4(340 341 313 312)
4(341 220 216 313)
4(335 307 328 230)
4(47 230 328 61)
4(336 308 329 231)
4(230 231 329 328)
4(337 309 330 232)
4(231 232 330 329)
4(338 310 331 233)
4(232 233 331 330)
4(339 311 332 234)
4(233 234 332 331)
4(340 312 333 235)
4(234 235 333 332)
4(341 313 334 236)
4(235 236 334 333)
4(236 205 219 334)
4(321 293 265 300)
4(60 56 293 321)
4(57 300 265 52)
4(60 321 300 57)
4(322 294 266 301)
4(321 293 294 322)
4(300 301 266 265)
4(321 322 301 300)
4(323 295 267 302)
4(322 294 295 323)
4(301 302 267 266)
4(322 323 302 301)
4(324 296 268 303)
4(323 295 296 324)
4(302 303 268 267)
4(323 324 303 302)
4(325 297 269 304)
4(324 296 297 325)
4(303 304 269 268)
4(324 325 304 303)
4(326 298 270 305)
4(325 297 298 326)
4(304 305 270 269)
4(325 326 305 304)
4(327 299 271 306)
4(326 298 299 327)
4(305 306 271 270)
4(326 327 306 305)
4(327 299 214 218)
4(306 215 210 271)
4(327 218 215 306)
4(328 293 391 286)
4(56 70 391 293)
4(55 286 391 70)
4(61 328 286 55)
4(329 294 392 287)
4(293 391 392 294)
4(286 287 392 391)
4(328 329 287 286)
4(330 295 393 288)
4(294 392 393 295)
4(287 288 393 392)
4(329 330 288 287)
4(331 296 394 289)
4(295 393 394 296)
4(288 289 394 393)
4(330 331 289 288)
4(332 297 395 290)
4(296 394 395 297)
4(289 290 395 394)
4(331 332 290 289)
4(333 298 396 291)
4(297 395 396 298)
4(290 291 396 395)
4(332 333 291 290)
4(334 299 397 292)
4(298 396 397 299)
4(291 292 397 396)
4(333 334 292 291)
4(299 397 228 214)
4(292 213 228 397)
4(334 219 213 292)
4(321 244 391 293)
4(49 70 391 244)
4(60 49 244 321)
4(322 245 392 294)
4(244 391 392 245)
4(321 244 245 322)
4(323 246 393 295)
4(245 392 393 246)
4(322 245 246 323)
4(324 247 394 296)
4(246 393 394 247)
4(323 246 247 324)
4(325 248 395 297)
4(247 394 395 248)
4(324 247 248 325)
4(326 249 396 298)
4(248 395 396 249)
4(325 248 249 326)
4(327 250 397 299)
4(249 396 397 250)
4(326 249 250 327)
4(250 397 228 207)
4(327 250 207 218)
4(237 300 265 314)
4(59 314 265 52)
4(48 237 314 59)
4(238 301 266 315)
4(314 315 266 265)
4(237 238 315 314)
4(239 302 267 316)
4(315 316 267 266)
4(238 239 316 315)
4(240 303 268 317)
4(316 317 268 267)
4(239 240 317 316)
4(241 304 269 318)
4(317 318 269 268)
4(240 241 318 317)
4(242 305 270 319)
4(318 319 270 269)
4(241 242 319 318)
4(243 306 271 320)
4(319 320 271 270)
4(242 243 320 319)
4(320 217 210 271)
4(243 206 217 320)
4(272 86 93 342)
4(63 342 93 5)
4(273 87 94 343)
4(342 343 94 93)
4(274 88 95 344)
4(343 344 95 94)
4(275 89 96 345)
4(344 345 96 95)
4(276 90 97 346)
4(345 346 97 96)
4(277 91 98 347)
4(346 347 98 97)
4(278 92 99 348)
4(347 348 99 98)
4(348 221 31 99)
4(342 93 100 251)
4(50 251 100 6)
4(343 94 101 252)
4(251 252 101 100)
4(344 95 102 253)
4(252 253 102 101)
4(345 96 103 254)
4(253 254 103 102)
4(346 97 104 255)
4(254 255 104 103)
4(347 98 105 256)
4(255 256 105 104)
4(348 99 106 257)
4(256 257 106 105)
4(257 208 32 106)
4(251 100 107 349)
4(64 349 107 7)
4(252 101 108 350)
4(349 350 108 107)
4(253 102 109 351)
4(350 351 109 108)
4(254 103 110 352)
4(351 352 110 109)
4(255 104 111 353)
4(352 353 111 110)
4(256 105 112 354)
4(353 354 112 111)
4(257 106 113 355)
4(354 355 113 112)
4(355 222 33 113)
4(349 107 114 258)
4(51 258 114 8)
4(350 108 115 259)
4(258 259 115 114)
4(351 109 116 260)
4(259 260 116 115)
4(352 110 117 261)
4(260 261 117 116)
4(353 111 118 262)
4(261 262 118 117)
4(354 112 119 263)
4(262 263 119 118)
4(355 113 120 264)
4(263 264 120 119)
4(264 209 34 120)
4(258 114 121 363)
4(51 258 363 66)
4(66 363 121 9)
4(259 115 122 364)
4(258 259 364 363)
4(363 364 122 121)
4(260 116 123 365)
4(259 260 365 364)
4(364 365 123 122)
4(261 117 124 366)
4(260 261 366 365)
4(365 366 124 123)
4(262 118 125 367)
4(261 262 367 366)
4(366 367 125 124)
4(263 119 126 368)
4(262 263 368 367)
4(367 368 126 125)
4(264 120 127 369)
4(263 264 369 368)
4(368 369 127 126)
4(264 209 224 369)
4(369 224 35 127)
4(356 128 135 237)
4(48 237 135 11)
4(65 356 237 48)
4(65 10 128 356)
4(357 129 136 238)
4(237 238 136 135)
4(356 357 238 237)
4(356 128 129 357)
4(358 130 137 239)
4(238 239 137 136)
4(357 358 239 238)
4(357 129 130 358)
4(359 131 138 240)
4(239 240 138 137)
4(358 359 240 239)
4(358 130 131 359)
4(360 132 139 241)
4(240 241 139 138)
4(359 360 241 240)
4(359 131 132 360)
4(361 133 140 242)
4(241 242 140 139)
4(360 361 242 241)
4(360 132 133 361)
4(362 134 141 243)
4(242 243 141 140)
4(361 362 243 242)
4(361 133 134 362)
4(243 206 37 141)
4(362 223 206 243)
4(362 134 36 223)
4(237 135 142 370)
4(67 370 142 12)
4(238 136 143 371)
4(370 371 143 142)
4(239 137 144 372)
4(371 372 144 143)
4(240 138 145 373)
4(372 373 145 144)
4(241 139 146 374)
4(373 374 146 145)
4(242 140 147 375)
4(374 375 147 146)
4(243 141 148 376)
4(375 376 148 147)
4(376 225 38 148)
4(370 142 149 279)
4(54 279 149 13)
4(371 143 150 280)
4(279 280 150 149)
4(372 144 151 281)
4(280 281 151 150)
4(373 145 152 282)
4(281 282 152 151)
4(374 146 153 283)
4(282 283 153 152)
4(375 147 154 284)
4(283 284 154 153)
4(376 148 155 285)
4(284 285 155 154)
4(285 212 39 155)
4(279 149 156 384)
4(54 279 384 69)
4(69 384 156 14)
4(280 150 157 385)
4(279 280 385 384)
4(384 385 157 156)
4(281 151 158 386)
4(280 281 386 385)
4(385 386 158 157)
4(282 152 159 387)
4(281 282 387 386)
4(386 387 159 158)
4(283 153 160 388)
4(282 283 388 387)
4(387 388 160 159)
4(284 154 161 389)
4(283 284 389 388)
4(388 389 161 160)
4(285 155 162 390)
4(284 285 390 389)
4(389 390 162 161)
4(285 212 227 390)
4(390 227 40 162)
4(377 163 170 244)
4(49 244 170 16)
4(68 377 244 49)
4(68 15 163 377)
4(378 164 171 245)
4(244 245 171 170)
4(377 378 245 244)
4(377 163 164 378)
4(379 165 172 246)
4(245 246 172 171)
4(378 379 246 245)
4(378 164 165 379)
4(380 166 173 247)
4(246 247 173 172)
4(379 380 247 246)
4(379 165 166 380)
4(381 167 174 248)
4(247 248 174 173)
4(380 381 248 247)
4(380 166 167 381)
4(382 168 175 249)
4(248 249 175 174)
4(381 382 249 248)
4(381 167 168 382)
4(383 169 176 250)
4(249 250 176 175)
4(382 383 250 249)
4(382 168 169 383)
4(250 207 42 176)
4(383 226 207 250)
4(383 169 41 226)
4(244 170 177 391)
4(70 391 177 17)
4(245 171 178 392)
4(391 392 178 177)
4(246 172 179 393)
4(392 393 179 178)
4(247 173 180 394)
4(393 394 180 179)
4(248 174 181 395)
4(394 395 181 180)
4(249 175 182 396)
4(395 396 182 181)
4(250 176 183 397)
4(396 397 183 182)
4(397 228 43 183)
4(391 177 184 286)
4(55 286 184 18)
4(392 178 185 287)
4(286 287 185 184)
4(393 179 186 288)
4(287 288 186 185)
4(394 180 187 289)
4(288 289 187 186)
4(395 181 188 290)
4(289 290 188 187)
4(396 182 189 291)
4(290 291 189 188)
4(397 183 190 292)
4(291 292 190 189)
4(292 213 44 190)
4(230 398 191 198)
4(47 71 398 230)
4(71 19 191 398)
4(231 399 192 199)
4(230 398 399 231)
4(398 191 192 399)
4(232 400 193 200)
4(231 399 400 232)
4(399 192 193 400)
4(233 401 194 201)
4(232 400 401 233)
4(400 193 194 401)
4(234 402 195 202)
4(233 401 402 234)
4(401 194 195 402)
4(235 403 196 203)
4(234 402 403 235)
4(402 195 196 403)
4(236 404 197 204)
4(235 403 404 236)
4(403 196 197 404)
4(236 404 229 205)
4(404 197 45 229)
4(363 314 265 258)
4(66 59 314 363)
4(364 315 266 259)
4(363 314 315 364)
4(365 316 267 260)
4(364 315 316 365)
4(366 317 268 261)
4(365 316 317 366)
4(367 318 269 262)
4(366 317 318 367)
4(368 319 270 263)
4(367 318 319 368)
4(369 320 271 264)
4(368 319 320 369)
4(369 320 217 224)
4(384 321 300 279)
4(69 60 321 384)
4(385 322 301 280)
4(384 321 322 385)
4(386 323 302 281)
4(385 322 323 386)
4(387 324 303 282)
4(386 323 324 387)
4(388 325 304 283)
4(387 324 325 388)
4(389 326 305 284)
4(388 325 326 389)
4(390 327 306 285)
4(389 326 327 390)
4(390 327 218 227)
4(230 328 286 398)
4(71 398 286 55)
4(231 329 287 399)
4(398 399 287 286)
4(232 330 288 400)
4(399 400 288 287)
4(233 331 289 401)
4(400 401 289 288)
4(234 332 290 402)
4(401 402 290 289)
4(235 333 291 403)
4(402 403 291 290)
4(236 334 292 404)
4(403 404 292 291)
4(404 229 213 292)
4(363 356 237 314)
4(66 65 356 363)
4(364 357 238 315)
4(363 356 357 364)
4(365 358 239 316)
4(364 357 358 365)
4(366 359 240 317)
4(365 358 359 366)
4(367 360 241 318)
4(366 359 360 367)
4(368 361 242 319)
4(367 360 361 368)
4(369 362 243 320)
4(368 361 362 369)
4(369 362 223 224)
4(384 377 244 321)
4(69 68 377 384)
4(385 378 245 322)
4(384 377 378 385)
4(386 379 246 323)
4(385 378 379 386)
4(387 380 247 324)
4(386 379 380 387)
4(388 381 248 325)
4(387 380 381 388)
4(389 382 249 326)
4(388 381 382 389)
4(390 383 250 327)
4(389 382 383 390)
4(390 383 226 227)
4(363 121 128 356)
4(364 122 129 357)
4(365 123 130 358)
4(366 124 131 359)
4(367 125 132 360)
4(368 126 133 361)
4(369 127 134 362)
4(384 156 163 377)
4(385 157 164 378)
4(386 158 165 379)
4(387 159 166 380)
4(388 160 167 381)
4(389 161 168 382)
4(390 162 169 383)
4(184 191 398 286)
4(185 192 399 287)
4(186 193 400 288)
4(187 194 401 289)
4(188 195 402 290)
4(189 196 403 291)
4(190 197 404 292)
4(52 50 63 53)
4(3 2 0 62)
4(51 64 50 52)
4(54 67 48 57)
4(4 3 62 53)
4(20 47 62 0)
4(61 56 52 58)
4(62 58 52 53)
4(62 47 61 58)
4(60 57 52 56)
4(61 55 70 56)
4(60 56 70 49)
4(48 59 52 57)
4(53 63 5 4)
4(63 50 6 5)
4(50 64 7 6)
4(64 51 8 7)
4(51 66 9 8)
4(65 48 11 10)
4(48 67 12 11)
4(67 54 13 12)
4(54 69 14 13)
4(68 49 16 15)
4(49 70 17 16)
4(70 55 18 17)
4(47 20 19 71)
4(66 51 52 59)
4(69 54 57 60)
4(47 71 55 61)
4(66 59 48 65)
4(69 60 49 68)
4(66 65 10 9)
4(69 68 15 14)
4(18 55 71 19)
4(210 211 221 208)
4(29 220 1 28)
4(209 210 208 222)
4(212 215 206 225)
4(30 211 220 29)
4(46 1 220 205)
4(219 216 210 214)
4(220 211 210 216)
4(220 216 219 205)
4(218 214 210 215)
4(219 214 228 213)
4(218 207 228 214)
4(206 215 210 217)
4(211 30 31 221)
4(221 31 32 208)
4(208 32 33 222)
4(222 33 34 209)
4(209 34 35 224)
4(223 36 37 206)
4(206 37 38 225)
4(225 38 39 212)
4(212 39 40 227)
4(226 41 42 207)
4(207 42 43 228)
4(228 43 44 213)
4(205 229 45 46)
4(224 217 210 209)
4(227 218 215 212)
4(205 219 213 229)
4(224 223 206 217)
4(227 226 207 218)
4(224 35 36 223)
4(227 40 41 226)
4(44 45 229 213)
4(2 72 21 0)
4(3 79 72 2)
4(72 73 22 21)
4(79 80 73 72)
4(73 74 23 22)
4(80 81 74 73)
4(74 75 24 23)
4(81 82 75 74)
4(75 76 25 24)
4(82 83 76 75)
4(76 77 26 25)
4(83 84 77 76)
4(77 78 27 26)
4(84 85 78 77)
4(78 28 1 27)
4(85 29 28 78)
4(4 86 79 3)
4(86 87 80 79)
4(87 88 81 80)
4(88 89 82 81)
4(89 90 83 82)
4(90 91 84 83)
4(91 92 85 84)
4(92 30 29 85)
4(20 0 21 198)
4(198 21 22 199)
4(199 22 23 200)
4(200 23 24 201)
4(201 24 25 202)
4(202 25 26 203)
4(203 26 27 204)
4(204 27 1 46)
4(4 5 93 86)
4(86 93 94 87)
4(87 94 95 88)
4(88 95 96 89)
4(89 96 97 90)
4(90 97 98 91)
4(91 98 99 92)
4(92 99 31 30)
4(5 6 100 93)
4(93 100 101 94)
4(94 101 102 95)
4(95 102 103 96)
4(96 103 104 97)
4(97 104 105 98)
4(98 105 106 99)
4(99 106 32 31)
4(6 7 107 100)
4(100 107 108 101)
4(101 108 109 102)
4(102 109 110 103)
4(103 110 111 104)
4(104 111 112 105)
4(105 112 113 106)
4(106 113 33 32)
4(7 8 114 107)
4(107 114 115 108)
4(108 115 116 109)
4(109 116 117 110)
4(110 117 118 111)
4(111 118 119 112)
4(112 119 120 113)
4(113 120 34 33)
4(8 9 121 114)
4(114 121 122 115)
4(115 122 123 116)
4(116 123 124 117)
4(117 124 125 118)
4(118 125 126 119)
4(119 126 127 120)
4(120 127 35 34)
4(10 11 135 128)
4(128 135 136 129)
4(129 136 137 130)
4(130 137 138 131)
4(131 138 139 132)
4(132 139 140 133)
4(133 140 141 134)
4(134 141 37 36)
4(11 12 142 135)
4(135 142 143 136)
4(136 143 144 137)
4(137 144 145 138)
4(138 145 146 139)
4(139 146 147 140)
4(140 147 148 141)
4(141 148 38 37)
4(12 13 149 142)
4(142 149 150 143)
4(143 150 151 144)
4(144 151 152 145)
4(145 152 153 146)
4(146 153 154 147)
4(147 154 155 148)
4(148 155 39 38)
4(13 14 156 149)
4(149 156 157 150)
4(150 157 158 151)
4(151 158 159 152)
4(152 159 160 153)
4(153 160 161 154)
4(154 161 162 155)
4(155 162 40 39)
4(15 16 170 163)
4(163 170 171 164)
4(164 171 172 165)
4(165 172 173 166)
4(166 173 174 167)
4(167 174 175 168)
4(168 175 176 169)
4(169 176 42 41)
4(16 17 177 170)
4(170 177 178 171)
4(171 178 179 172)
4(172 179 180 173)
4(173 180 181 174)
4(174 181 182 175)
4(175 182 183 176)
4(176 183 43 42)
4(17 18 184 177)
4(177 184 185 178)
4(178 185 186 179)
4(179 186 187 180)
4(180 187 188 181)
4(181 188 189 182)
4(182 189 190 183)
4(183 190 44 43)
4(20 198 191 19)
4(198 199 192 191)
4(199 200 193 192)
4(200 201 194 193)
4(201 202 195 194)
4(202 203 196 195)
4(203 204 197 196)
4(204 46 45 197)
4(9 10 128 121)
4(121 128 129 122)
4(122 129 130 123)
4(123 130 131 124)
4(124 131 132 125)
4(125 132 133 126)
4(126 133 134 127)
4(127 134 36 35)
4(14 15 163 156)
4(156 163 164 157)
4(157 164 165 158)
4(158 165 166 159)
4(159 166 167 160)
4(160 167 168 161)
4(161 168 169 162)
4(162 169 41 40)
4(18 19 191 184)
4(184 191 192 185)
4(185 192 193 186)
4(186 193 194 187)
4(187 194 195 188)
4(188 195 196 189)
4(189 196 197 190)
4(190 197 45 44)
)


// ************************************************************************* //
