/*--------------------------------*- C++ -*----------------------------------*\
  =========                 |
  \\      /  F ield         | OpenFOAM: The Open Source CFD Toolbox
   \\    /   O peration     | Website:  https://openfoam.org
    \\  /    A nd           | Version:  7
     \\/     M anipulation  |
\*---------------------------------------------------------------------------*/
FoamFile
{
    version     2.0;
    format      ascii;
    class       labelList;
    note        "nPoints:405  nCells:272  nFaces:930  nInternalFaces:702";
    location    "constant/fluid/polyMesh";
    object      neighbour;
}
// * * * * * * * * * * * * * * * * * * * * * * * * * * * * * * * * * * * * * //


702
(
1
16
56
104
112
2
17
57
105
113
3
18
58
106
114
4
19
59
107
115
5
20
60
108
116
6
21
61
109
117
7
22
62
110
118
23
63
111
119
9
32
40
10
33
41
11
34
42
12
35
43
13
36
44
14
37
45
15
38
46
39
47
17
120
128
208
18
121
129
209
19
122
130
210
20
123
131
211
21
124
132
212
22
125
133
213
23
126
134
214
127
135
215
25
96
152
160
216
26
97
153
161
217
27
98
154
162
218
28
99
155
163
219
29
100
156
164
220
30
101
157
165
221
31
102
158
166
222
103
159
167
223
33
56
104
34
57
105
35
58
106
36
59
107
37
60
108
38
61
109
39
62
110
63
111
41
64
200
42
65
201
43
66
202
44
67
203
45
68
204
46
69
205
47
70
206
71
207
49
56
64
72
80
50
57
65
73
81
51
58
66
74
82
52
59
67
75
83
53
60
68
76
84
54
61
69
77
85
55
62
70
78
86
63
71
79
87
57
64
58
65
59
66
60
67
61
68
62
69
63
70
71
65
224
66
225
67
226
68
227
69
228
70
229
71
230
231
73
88
96
216
74
89
97
217
75
90
98
218
76
91
99
219
77
92
100
220
78
93
101
221
79
94
102
222
95
103
223
81
88
192
224
82
89
193
225
83
90
194
226
84
91
195
227
85
92
196
228
86
93
197
229
87
94
198
230
95
199
231
89
184
240
90
185
241
91
186
242
92
187
243
93
188
244
94
189
245
95
190
246
191
247
97
208
232
98
209
233
99
210
234
100
211
235
101
212
236
102
213
237
103
214
238
215
239
105
112
106
113
107
114
108
115
109
116
110
117
111
118
119
113
120
114
121
115
122
116
123
117
124
118
125
119
126
127
121
128
122
129
123
130
124
131
125
132
126
133
127
134
135
129
136
130
137
131
138
132
139
133
140
134
141
135
142
143
137
208
248
138
209
249
139
210
250
140
211
251
141
212
252
142
213
253
143
214
254
215
255
145
152
232
248
146
153
233
249
147
154
234
250
148
155
235
251
149
156
236
252
150
157
237
253
151
158
238
254
159
239
255
153
160
154
161
155
162
156
163
157
164
158
165
159
166
167
161
168
162
169
163
170
164
171
165
172
166
173
167
174
175
169
216
256
170
217
257
171
218
258
172
219
259
173
220
260
174
221
261
175
222
262
223
263
177
184
240
256
178
185
241
257
179
186
242
258
180
187
243
259
181
188
244
260
182
189
245
261
183
190
246
262
191
247
263
185
192
186
193
187
194
188
195
189
196
190
197
191
198
199
193
264
194
265
195
266
196
267
197
268
198
269
199
270
271
201
224
264
202
225
265
203
226
266
204
227
267
205
228
268
206
229
269
207
230
270
231
271
209
232
210
233
211
234
212
235
213
236
214
237
215
238
239
217
240
218
241
219
242
220
243
221
244
222
245
223
246
247
225
264
226
265
227
266
228
267
229
268
230
269
231
270
271
233
248
234
249
235
250
236
251
237
252
238
253
239
254
255
241
256
242
257
243
258
244
259
245
260
246
261
247
262
263
249
250
251
252
253
254
255
257
258
259
260
261
262
263
265
266
267
268
269
270
271
)


// ************************************************************************* //
