/*--------------------------------*- C++ -*----------------------------------*\
  =========                 |
  \\      /  F ield         | OpenFOAM: The Open Source CFD Toolbox
   \\    /   O peration     | Website:  https://openfoam.org
    \\  /    A nd           | Version:  7
     \\/     M anipulation  |
\*---------------------------------------------------------------------------*/
FoamFile
{
    version     2.0;
    format      ascii;
    class       vectorField;
    location    "constant/fluid/polyMesh";
    object      points;
}
// * * * * * * * * * * * * * * * * * * * * * * * * * * * * * * * * * * * * * //


405
(
(-0.1048 0.13025022 0)
(-0.1048 0.13025022 0.8)
(-0.10519156 0.13272239 0)
(-0.1063279 0.13495255 0)
(-0.10809779 0.13672241 0)
(-0.11032797 0.13785871 0)
(-0.11280014 0.13825022 0)
(-0.11527229 0.13785862 0)
(-0.11750244 0.13672224 0)
(-0.11927226 0.13495233 0)
(-0.12040852 0.13272213 0)
(-0.1208 0.13024996 0)
(-0.12040837 0.12777782 0)
(-0.11927196 0.1255477 0)
(-0.11750203 0.1237779 0)
(-0.11527182 0.12264167 0)
(-0.11279965 0.12225022 0)
(-0.11032752 0.12264188 0)
(-0.10809741 0.12377831 0)
(-0.10632763 0.12554826 0)
(-0.10519142 0.12777848 0)
(-0.1048 0.13025022 0.1)
(-0.1048 0.13025022 0.2)
(-0.1048 0.13025022 0.3)
(-0.1048 0.13025022 0.4)
(-0.1048 0.13025022 0.5)
(-0.1048 0.13025022 0.6)
(-0.1048 0.13025022 0.7)
(-0.10519156 0.13272239 0.8)
(-0.1063279 0.13495255 0.8)
(-0.10809779 0.13672241 0.8)
(-0.11032797 0.13785871 0.8)
(-0.11280014 0.13825022 0.8)
(-0.11527229 0.13785862 0.8)
(-0.11750244 0.13672224 0.8)
(-0.11927226 0.13495233 0.8)
(-0.12040852 0.13272213 0.8)
(-0.1208 0.13024996 0.8)
(-0.12040837 0.12777782 0.8)
(-0.11927196 0.1255477 0.8)
(-0.11750203 0.1237779 0.8)
(-0.11527182 0.12264167 0.8)
(-0.11279965 0.12225022 0.8)
(-0.11032752 0.12264188 0.8)
(-0.10809741 0.12377831 0.8)
(-0.10632763 0.12554826 0.8)
(-0.10519142 0.12777848 0.8)
(-0.10770631 0.12846962 0)
(-0.11799383 0.13042246 0)
(-0.11336385 0.12469231 0)
(-0.11297394 0.13572021 0)
(-0.1158341 0.13469428 0)
(-0.11338264 0.13193765 0)
(-0.11011732 0.13428056 0)
(-0.11746807 0.12712182 0)
(-0.1092275 0.12610304 0)
(-0.11221248 0.12796213 0)
(-0.11580085 0.12888235 0)
(-0.11030376 0.13053692 0)
(-0.1164536 0.13200561 0)
(-0.11431434 0.12689655 0)
(-0.10994497 0.12848089 0)
(-0.10802126 0.13164144 0)
(-0.11123545 0.13584769 0)
(-0.11464954 0.13593959 0)
(-0.11869982 0.13223253 0)
(-0.11748392 0.13329783 0)
(-0.1186237 0.12836936 0)
(-0.11487695 0.12428677 0)
(-0.1160026 0.12549418 0)
(-0.11128492 0.12535039 0)
(-0.10775074 0.12669772 0)
(-0.10519156 0.13272239 0.1)
(-0.10519156 0.13272239 0.2)
(-0.10519156 0.13272239 0.3)
(-0.10519156 0.13272239 0.4)
(-0.10519156 0.13272239 0.5)
(-0.10519156 0.13272239 0.6)
(-0.10519156 0.13272239 0.7)
(-0.1063279 0.13495255 0.1)
(-0.1063279 0.13495255 0.2)
(-0.1063279 0.13495255 0.3)
(-0.1063279 0.13495255 0.4)
(-0.1063279 0.13495255 0.5)
(-0.1063279 0.13495255 0.6)
(-0.1063279 0.13495255 0.7)
(-0.10809779 0.13672241 0.1)
(-0.10809779 0.13672241 0.2)
(-0.10809779 0.13672241 0.3)
(-0.10809779 0.13672241 0.4)
(-0.10809779 0.13672241 0.5)
(-0.10809779 0.13672241 0.6)
(-0.10809779 0.13672241 0.7)
(-0.11032797 0.13785871 0.1)
(-0.11032797 0.13785871 0.2)
(-0.11032797 0.13785871 0.3)
(-0.11032797 0.13785871 0.4)
(-0.11032797 0.13785871 0.5)
(-0.11032797 0.13785871 0.6)
(-0.11032797 0.13785871 0.7)
(-0.11280014 0.13825022 0.1)
(-0.11280014 0.13825022 0.2)
(-0.11280014 0.13825022 0.3)
(-0.11280014 0.13825022 0.4)
(-0.11280014 0.13825022 0.5)
(-0.11280014 0.13825022 0.6)
(-0.11280014 0.13825022 0.7)
(-0.11527229 0.13785862 0.1)
(-0.11527229 0.13785862 0.2)
(-0.11527229 0.13785862 0.3)
(-0.11527229 0.13785862 0.4)
(-0.11527229 0.13785862 0.5)
(-0.11527229 0.13785862 0.6)
(-0.11527229 0.13785862 0.7)
(-0.11750244 0.13672224 0.1)
(-0.11750244 0.13672224 0.2)
(-0.11750244 0.13672224 0.3)
(-0.11750244 0.13672224 0.4)
(-0.11750244 0.13672224 0.5)
(-0.11750244 0.13672224 0.6)
(-0.11750244 0.13672224 0.7)
(-0.11927226 0.13495233 0.1)
(-0.11927226 0.13495233 0.2)
(-0.11927226 0.13495233 0.3)
(-0.11927226 0.13495233 0.4)
(-0.11927226 0.13495233 0.5)
(-0.11927226 0.13495233 0.6)
(-0.11927226 0.13495233 0.7)
(-0.12040852 0.13272213 0.1)
(-0.12040852 0.13272213 0.2)
(-0.12040852 0.13272213 0.3)
(-0.12040852 0.13272213 0.4)
(-0.12040852 0.13272213 0.5)
(-0.12040852 0.13272213 0.6)
(-0.12040852 0.13272213 0.7)
(-0.1208 0.13024996 0.1)
(-0.1208 0.13024996 0.2)
(-0.1208 0.13024996 0.3)
(-0.1208 0.13024996 0.4)
(-0.1208 0.13024996 0.5)
(-0.1208 0.13024996 0.6)
(-0.1208 0.13024996 0.7)
(-0.12040837 0.12777782 0.1)
(-0.12040837 0.12777782 0.2)
(-0.12040837 0.12777782 0.3)
(-0.12040837 0.12777782 0.4)
(-0.12040837 0.12777782 0.5)
(-0.12040837 0.12777782 0.6)
(-0.12040837 0.12777782 0.7)
(-0.11927196 0.1255477 0.1)
(-0.11927196 0.1255477 0.2)
(-0.11927196 0.1255477 0.3)
(-0.11927196 0.1255477 0.4)
(-0.11927196 0.1255477 0.5)
(-0.11927196 0.1255477 0.6)
(-0.11927196 0.1255477 0.7)
(-0.11750203 0.1237779 0.1)
(-0.11750203 0.1237779 0.2)
(-0.11750203 0.1237779 0.3)
(-0.11750203 0.1237779 0.4)
(-0.11750203 0.1237779 0.5)
(-0.11750203 0.1237779 0.6)
(-0.11750203 0.1237779 0.7)
(-0.11527182 0.12264167 0.1)
(-0.11527182 0.12264167 0.2)
(-0.11527182 0.12264167 0.3)
(-0.11527182 0.12264167 0.4)
(-0.11527182 0.12264167 0.5)
(-0.11527182 0.12264167 0.6)
(-0.11527182 0.12264167 0.7)
(-0.11279965 0.12225022 0.1)
(-0.11279965 0.12225022 0.2)
(-0.11279965 0.12225022 0.3)
(-0.11279965 0.12225022 0.4)
(-0.11279965 0.12225022 0.5)
(-0.11279965 0.12225022 0.6)
(-0.11279965 0.12225022 0.7)
(-0.11032752 0.12264188 0.1)
(-0.11032752 0.12264188 0.2)
(-0.11032752 0.12264188 0.3)
(-0.11032752 0.12264188 0.4)
(-0.11032752 0.12264188 0.5)
(-0.11032752 0.12264188 0.6)
(-0.11032752 0.12264188 0.7)
(-0.10809741 0.12377831 0.1)
(-0.10809741 0.12377831 0.2)
(-0.10809741 0.12377831 0.3)
(-0.10809741 0.12377831 0.4)
(-0.10809741 0.12377831 0.5)
(-0.10809741 0.12377831 0.6)
(-0.10809741 0.12377831 0.7)
(-0.10632763 0.12554826 0.1)
(-0.10632763 0.12554826 0.2)
(-0.10632763 0.12554826 0.3)
(-0.10632763 0.12554826 0.4)
(-0.10632763 0.12554826 0.5)
(-0.10632763 0.12554826 0.6)
(-0.10632763 0.12554826 0.7)
(-0.10519142 0.12777848 0.1)
(-0.10519142 0.12777848 0.2)
(-0.10519142 0.12777848 0.3)
(-0.10519142 0.12777848 0.4)
(-0.10519142 0.12777848 0.5)
(-0.10519142 0.12777848 0.6)
(-0.10519142 0.12777848 0.7)
(-0.10770631 0.12846962 0.8)
(-0.11799383 0.13042246 0.8)
(-0.11336385 0.12469231 0.8)
(-0.11297394 0.13572021 0.8)
(-0.1158341 0.13469428 0.8)
(-0.11338264 0.13193765 0.8)
(-0.11011732 0.13428056 0.8)
(-0.11746807 0.12712182 0.8)
(-0.1092275 0.12610304 0.8)
(-0.11221248 0.12796213 0.8)
(-0.11580085 0.12888235 0.8)
(-0.11030376 0.13053692 0.8)
(-0.1164536 0.13200561 0.8)
(-0.11431434 0.12689655 0.8)
(-0.10994497 0.12848089 0.8)
(-0.10802126 0.13164144 0.8)
(-0.11123545 0.13584769 0.8)
(-0.11464954 0.13593959 0.8)
(-0.11869982 0.13223253 0.8)
(-0.11748392 0.13329783 0.8)
(-0.1186237 0.12836936 0.8)
(-0.11487695 0.12428677 0.8)
(-0.1160026 0.12549418 0.8)
(-0.11128492 0.12535039 0.8)
(-0.10775074 0.12669772 0.8)
(-0.10770631 0.12846962 0.1)
(-0.10770631 0.12846962 0.2)
(-0.10770631 0.12846962 0.3)
(-0.10770631 0.12846962 0.4)
(-0.10770631 0.12846962 0.5)
(-0.10770631 0.12846962 0.6)
(-0.10770631 0.12846962 0.7)
(-0.11799383 0.13042246 0.1)
(-0.11799383 0.13042246 0.2)
(-0.11799383 0.13042246 0.3)
(-0.11799383 0.13042246 0.4)
(-0.11799383 0.13042246 0.5)
(-0.11799383 0.13042246 0.6)
(-0.11799383 0.13042246 0.7)
(-0.11336385 0.12469231 0.1)
(-0.11336385 0.12469231 0.2)
(-0.11336385 0.12469231 0.3)
(-0.11336385 0.12469231 0.4)
(-0.11336385 0.12469231 0.5)
(-0.11336385 0.12469231 0.6)
(-0.11336385 0.12469231 0.7)
(-0.11297394 0.13572021 0.1)
(-0.11297394 0.13572021 0.2)
(-0.11297394 0.13572021 0.3)
(-0.11297394 0.13572021 0.4)
(-0.11297394 0.13572021 0.5)
(-0.11297394 0.13572021 0.6)
(-0.11297394 0.13572021 0.7)
(-0.1158341 0.13469428 0.1)
(-0.1158341 0.13469428 0.2)
(-0.1158341 0.13469428 0.3)
(-0.1158341 0.13469428 0.4)
(-0.1158341 0.13469428 0.5)
(-0.1158341 0.13469428 0.6)
(-0.1158341 0.13469428 0.7)
(-0.11338264 0.13193765 0.1)
(-0.11338264 0.13193765 0.2)
(-0.11338264 0.13193765 0.3)
(-0.11338264 0.13193765 0.4)
(-0.11338264 0.13193765 0.5)
(-0.11338264 0.13193765 0.6)
(-0.11338264 0.13193765 0.7)
(-0.11011732 0.13428056 0.1)
(-0.11011732 0.13428056 0.2)
(-0.11011732 0.13428056 0.3)
(-0.11011732 0.13428056 0.4)
(-0.11011732 0.13428056 0.5)
(-0.11011732 0.13428056 0.6)
(-0.11011732 0.13428056 0.7)
(-0.11746807 0.12712182 0.1)
(-0.11746807 0.12712182 0.2)
(-0.11746807 0.12712182 0.3)
(-0.11746807 0.12712182 0.4)
(-0.11746807 0.12712182 0.5)
(-0.11746807 0.12712182 0.6)
(-0.11746807 0.12712182 0.7)
(-0.1092275 0.12610304 0.1)
(-0.1092275 0.12610304 0.2)
(-0.1092275 0.12610304 0.3)
(-0.1092275 0.12610304 0.4)
(-0.1092275 0.12610304 0.5)
(-0.1092275 0.12610304 0.6)
(-0.1092275 0.12610304 0.7)
(-0.11221248 0.12796213 0.1)
(-0.11221248 0.12796213 0.2)
(-0.11221248 0.12796213 0.3)
(-0.11221248 0.12796213 0.4)
(-0.11221248 0.12796213 0.5)
(-0.11221248 0.12796213 0.6)
(-0.11221248 0.12796213 0.7)
(-0.11580085 0.12888235 0.1)
(-0.11580085 0.12888235 0.2)
(-0.11580085 0.12888235 0.3)
(-0.11580085 0.12888235 0.4)
(-0.11580085 0.12888235 0.5)
(-0.11580085 0.12888235 0.6)
(-0.11580085 0.12888235 0.7)
(-0.11030376 0.13053692 0.1)
(-0.11030376 0.13053692 0.2)
(-0.11030376 0.13053692 0.3)
(-0.11030376 0.13053692 0.4)
(-0.11030376 0.13053692 0.5)
(-0.11030376 0.13053692 0.6)
(-0.11030376 0.13053692 0.7)
(-0.1164536 0.13200561 0.1)
(-0.1164536 0.13200561 0.2)
(-0.1164536 0.13200561 0.3)
(-0.1164536 0.13200561 0.4)
(-0.1164536 0.13200561 0.5)
(-0.1164536 0.13200561 0.6)
(-0.1164536 0.13200561 0.7)
(-0.11431434 0.12689655 0.1)
(-0.11431434 0.12689655 0.2)
(-0.11431434 0.12689655 0.3)
(-0.11431434 0.12689655 0.4)
(-0.11431434 0.12689655 0.5)
(-0.11431434 0.12689655 0.6)
(-0.11431434 0.12689655 0.7)
(-0.10994497 0.12848089 0.1)
(-0.10994497 0.12848089 0.2)
(-0.10994497 0.12848089 0.3)
(-0.10994497 0.12848089 0.4)
(-0.10994497 0.12848089 0.5)
(-0.10994497 0.12848089 0.6)
(-0.10994497 0.12848089 0.7)
(-0.10802126 0.13164144 0.1)
(-0.10802126 0.13164144 0.2)
(-0.10802126 0.13164144 0.3)
(-0.10802126 0.13164144 0.4)
(-0.10802126 0.13164144 0.5)
(-0.10802126 0.13164144 0.6)
(-0.10802126 0.13164144 0.7)
(-0.11123545 0.13584769 0.1)
(-0.11123545 0.13584769 0.2)
(-0.11123545 0.13584769 0.3)
(-0.11123545 0.13584769 0.4)
(-0.11123545 0.13584769 0.5)
(-0.11123545 0.13584769 0.6)
(-0.11123545 0.13584769 0.7)
(-0.11464954 0.13593959 0.1)
(-0.11464954 0.13593959 0.2)
(-0.11464954 0.13593959 0.3)
(-0.11464954 0.13593959 0.4)
(-0.11464954 0.13593959 0.5)
(-0.11464954 0.13593959 0.6)
(-0.11464954 0.13593959 0.7)
(-0.11869982 0.13223253 0.1)
(-0.11869982 0.13223253 0.2)
(-0.11869982 0.13223253 0.3)
(-0.11869982 0.13223253 0.4)
(-0.11869982 0.13223253 0.5)
(-0.11869982 0.13223253 0.6)
(-0.11869982 0.13223253 0.7)
(-0.11748392 0.13329783 0.1)
(-0.11748392 0.13329783 0.2)
(-0.11748392 0.13329783 0.3)
(-0.11748392 0.13329783 0.4)
(-0.11748392 0.13329783 0.5)
(-0.11748392 0.13329783 0.6)
(-0.11748392 0.13329783 0.7)
(-0.1186237 0.12836936 0.1)
(-0.1186237 0.12836936 0.2)
(-0.1186237 0.12836936 0.3)
(-0.1186237 0.12836936 0.4)
(-0.1186237 0.12836936 0.5)
(-0.1186237 0.12836936 0.6)
(-0.1186237 0.12836936 0.7)
(-0.11487695 0.12428677 0.1)
(-0.11487695 0.12428677 0.2)
(-0.11487695 0.12428677 0.3)
(-0.11487695 0.12428677 0.4)
(-0.11487695 0.12428677 0.5)
(-0.11487695 0.12428677 0.6)
(-0.11487695 0.12428677 0.7)
(-0.1160026 0.12549418 0.1)
(-0.1160026 0.12549418 0.2)
(-0.1160026 0.12549418 0.3)
(-0.1160026 0.12549418 0.4)
(-0.1160026 0.12549418 0.5)
(-0.1160026 0.12549418 0.6)
(-0.1160026 0.12549418 0.7)
(-0.11128492 0.12535039 0.1)
(-0.11128492 0.12535039 0.2)
(-0.11128492 0.12535039 0.3)
(-0.11128492 0.12535039 0.4)
(-0.11128492 0.12535039 0.5)
(-0.11128492 0.12535039 0.6)
(-0.11128492 0.12535039 0.7)
(-0.10775074 0.12669772 0.1)
(-0.10775074 0.12669772 0.2)
(-0.10775074 0.12669772 0.3)
(-0.10775074 0.12669772 0.4)
(-0.10775074 0.12669772 0.5)
(-0.10775074 0.12669772 0.6)
(-0.10775074 0.12669772 0.7)
)


// ************************************************************************* //
